kinematics:
  shoulder:
    x: 0
    y: 0
    z: 0.1807582742582401
    roll: -0
    pitch: 0
    yaw: -4.480927764376891e-07
  upper_arm:
    x: -1.485055374427797e-06
    y: 0
    z: 0
    roll: 1.570817596241781
    pitch: 0
    yaw: 6.737219531378767e-07
  forearm:
    x: -0.4786441687095844
    y: 0
    z: 0
    roll: 3.141219162959889
    pitch: 3.14041571096132
    yaw: 3.141585082850325
  wrist_1:
    x: -0.3602508159895277
    y: -0.0009849196113896942
    z: 0.1744821671712854
    roll: 0.005644755371951581
    pitch: -0.0002155959020173038
    yaw: 7.983819479176709e-06
  wrist_2:
    x: 8.83911301764967e-05
    y: -0.1198663152222781
    z: 9.939149991498152e-05
    roll: 1.569967140739149
    pitch: 0
    yaw: 2.019026636608523e-07
  wrist_3:
    x: -3.787415570146271e-05
    y: 0.1155512028616576
    z: 0.000102853659076158
    roll: 1.571686439830203
    pitch: 3.141592653589793
    yaw: 3.141592586283942
  hash: calib_9104352393403844178