kinematics:
  shoulder:
    x: 0
    y: 0
    z: 0.1806348966804705
    roll: -0
    pitch: 0
    yaw: 4.865464043116163e-08
  upper_arm:
    x: 4.800135239100352e-05
    y: 0
    z: 0
    roll: 1.570368680943465
    pitch: 0
    yaw: 3.901738782974965e-06
  forearm:
    x: -0.4785430744569715
    y: 0
    z: 0
    roll: 0.0006850937941052507
    pitch: 0.0004786787106018505
    yaw: -2.276072880841745e-06
  wrist_1:
    x: -0.3601071594702507
    y: -0.0006974652565119804
    z: 0.1741380281710261
    roll: 0.004005222376176307
    pitch: 8.581288721117995e-05
    yaw: -1.939646034143266e-06
  wrist_2:
    x: -2.101450123308494e-05
    y: -0.1198802208953771
    z: 8.801290109110673e-05
    roll: 1.570062153262178
    pitch: 0
    yaw: -2.042823105820323e-06
  wrist_3:
    x: -5.990124104582102e-05
    y: 0.1156334464554074
    z: 4.263670703992256e-05
    roll: 1.571165049741541
    pitch: 3.141592653589793
    yaw: -3.141592340640896
  hash: calib_1367561288998717414